1   15
1   15
1   15
1   15
0   19
2   16
0   19
0   19
1   15
2   16
1   15
0   19
0   19
1   15
2   16
1   15
0   19
1   15
2   16
1   15
0   19
1   15
1   15
1   15
1   15

1   15
2   16
2   16
0   19
0   19
4 X 1
0   19
0   19
0   19
4 X 1
0   19
0   19
0   19
0   19
4 X 1
0   19
0   19
0   19
4 X 1
0   19
0   19
0   19
2   16
2   16
1   15

1   15
2   16
105   17
0   19
0   19
2   16
0   19
0   19
0   19
2   16
0   19
0   19
0   19
0   19
2   16
0   19
0   19
0   19
2   16
0   19
0   19
0   19
107   17
2   16
1   15

1   15
0   19
0   19
0   19
0   19
2   16
0   19
0   19
0   19
2   16
0   19
0   19
0   19
0   19
2   16
0   19
0   19
0   19
2   16
0   19
0   19
0   19
0   19
0   19
1   15

0   19
0   19
0   19
0   19
1   15
2   16
1   15
0   19
1   15
2   16
1   15
0   19
0   19
1   15
2   16
1   15
0   19
1   15
2   16
1   15
0   19
0   19
0   19
0   19
0   19

0   19
0   19
0   19
0   19
1   15
2   16
1   15
1   15
1   15
2   16
1   15
0   19
0   19
1   15
2   16
1   15
1   15
1   15
2   16
1   15
0   19
0   19
0   19
0   19
0   19

0   19
1   15
1   15
1   15
1   15
2   16
1   15
1   15
1   15
2   16
1   15
3 $ 3
3 $ 3
1   15
2   16
1   15
1   15
1   15
2   16
1   15
1   15
1   15
1   15
0   19
0   19

0   19
1   15
1   15
4 X 1
1   15
1   15
1   15
4 X 1
1   15
1   15
1   15
3 $ 3
3 $ 3
1   15
1   15
1   15
4 X 1
1   15
1   15
1   15
1   15
1   15
1   15
0   19
0   19

0   19
1   15
9 @ 8
4 X 1
4 X 1
4 X 1
4 X 1
4 X 1
4 X 1
4 X 1
4 X 1
3 $ 3
3 $ 3
4 X 1
4 X 1
4 X 1
4 X 1
4 X 1
4 X 1
4 X 1
5 ^ 0
10   8
1   15
0   19
0   19

0   19
1   15
1   15
4 X 1
1   15
1   15
1   15
4 X 1
1   15
1   15
1   15
3 $ 3
3 $ 3
1   15
1   15
1   15
4 X 1
1   15
1   15
1   15
1   15
1   15
1   15
0   19
0   19

0   19
1   15
1   15
1   15
1   15
2   16
1   15
1   15
1   15
2   16
1   15
3 $ 3
3 $ 3
1   15
2   16
1   15
1   15
1   15
2   16
1   15
1   15
1   15
1   15
0   19
0   19

0   19
0   19
0   19
0   19
1   15
2   16
1   15
1   15
1   15
2   16
1   15
0   19
0   19
1   15
2   16
1   15
1   15
1   15
2   16
1   15
0   19
0   19
0   19
0   19
0   19

0   19
0   19
0   19
0   19
1   15
2   16
1   15
0   19
1   15
2   16
1   15
0   19
0   19
1   15
2   16
1   15
0   19
1   15
2   16
1   15
0   19
0   19
0   19
0   19
0   19

1   15
0   19
0   19
0   19
0   19
2   16
0   19
0   19
0   19
2   16
0   19
0   19
0   19
0   19
2   16
0   19
0   19
0   19
2   16
0   19
0   19
0   19
0   19
0   19
1   15

1   15
2   16
113   17
0   19
0   19
2   16
0   19
0   19
0   19
2   16
0   19
0   19
0   19
0   19
2   16
0   19
0   19
0   19
2   16
0   19
0   19
0   19
111   17
2   16
1   15

1   15
2   16
2   16
0   19
0   19
4 X 1
0   19
0   19
0   19
4 X 1
0   19
0   19
0   19
0   19
4 X 1
0   19
0   19
0   19
4 X 1
0   19
0   19
0   19
2   16
2   16
1   15

1   15
1   15
1   15
1   15
0   19
2   16
0   19
0   19
1   15
2   16
1   15
0   19
0   19
1   15
2   16
1   15
0   19
1   15
2   16
1   15
0   19
1   15
1   15
1   15
1   15

