2   16
2   16
2   16
2   16
2   16
2   16
1   15
1   15
1   15
2   16
2   16
2   16
1   15
2   16
2   16
2   16
1   15
2   16
1   15
104   17
1   15
1   15
2   16
2   16
2   16

2   16
1   15
1   15
1   15
1   15
1   15
3 $ 3
1   15
1   15
2   16
2   16
1   15
1   15
1   15
1   15
1   15
1   15
2   16
0   19
0   19
1   15
107   17
1   15
2   16
2   16

1   15
113   17
0   19
0   19
0   19
0   19
0   19
1   15
1   15
1   15
1   15
1   15
1   15
1   15
1   15
1   15
1   15
1   15
0   19
1   15
0   19
4 X 1
0   19
1   15
1   15

1   15
0   19
0   19
0   19
0   19
0   19
1   15
1   15
112   17
0   19
0   19
0   19
2   16
4 X 1
0   19
0   19
0   19
1   15
0   19
1   15
0   19
0   19
0   19
0   19
4 X 1

1   15
3 $ 3
3 $ 3
3 $ 3
1   15
0   19
1   15
1   15
0   19
0   19
0   19
5 ^ 0
2   16
0   19
0   19
0   19
0   19
1   15
0   19
0   19
0   19
1   15
0   19
0   19
2   16

2   16
1   15
1   15
4 X 1
1   15
0   19
1   15
1   15
0   19
1   15
10   8
10   8
1   15
9 @ 8
9 @ 8
1   15
4 X 1
1   15
3 $ 3
0   19
1   15
0   19
0   19
2   16
2   16

2   16
1   15
1   15
4 X 1
1   15
4 X 1
1   15
1   15
4 X 1
1   15
1   15
1   15
1   15
1   15
1   15
1   15
3 $ 3
1   15
2   16
2   16
1   15
0   19
1   15
1   15
1   15

1   15
1   15
1   15
4 X 1
1   15
0   19
0   19
1   15
0   19
0   19
2   16
117   17
1   15
2   16
2   16
1   15
3 $ 3
1   15
2   16
2   16
0   19
0   19
1   15
1   15
2   16

0   19
1   15
1   15
0   19
1   15
0   19
0   19
1   15
0   19
0   19
1   15
1   15
1   15
2   16
2   16
1   15
0   19
1   15
1   15
0   19
0   19
0   19
0   19
1   15
2   16

0   19
0   19
0   19
0   19
1   15
0   19
0   19
0   19
0   19
1   15
1   15
1   15
2   16
1   15
2   16
1   15
0   19
2   16
2   16
0   19
0   19
4 X 1
0   19
0   19
1   15

1   15
0   19
4 X 1
0   19
1   15
1   15
1   15
0   19
0   19
0   19
0   19
1   15
2   16
1   15
2   16
1   15
0   19
2   16
1   15
0   19
0   19
0   19
1   15
0   19
1   15

1   15
0   19
1   15
0   19
0   19
1   15
1   15
0   19
4 X 1
0   19
0   19
1   15
1   15
1   15
2   16
1   15
0   19
1   15
0   19
0   19
0   19
0   19
1   15
0   19
1   15

2   16
0   19
1   15
0   19
0   19
1   15
0   19
0   19
0   19
0   19
0   19
0   19
0   19
1   15
1   15
1   15
4 X 1
1   15
0   19
0   19
0   19
1   15
1   15
0   19
0   19

0   19
0   19
1   15
1   15
0   19
0   19
0   19
1   15
0   19
0   19
0   19
1   15
0   19
0   19
3 $ 3
1   15
4 X 1
1   15
0   19
0   19
0   19
2   16
2   16
1   15
4 X 1

0   19
1   15
1   15
1   15
0   19
0   19
0   19
2   16
0   19
1   15
0   19
1   15
0   19
0   19
0   19
1   15
4 X 1
1   15
0   19
0   19
1   15
2   16
1   15
1   15
1   15

116   17
1   15
2   16
1   15
1   15
3 $ 3
1   15
2   16
2   16
1   15
1   15
1   15
1   15
0   19
0   19
1   15
3 $ 3
1   15
0   19
0   19
2   16
1   15
1   15
2   16
1   15

1   15
1   15
2   16
1   15
1   15
1   15
2   16
2   16
2   16
1   15
1   15
2   16
2   16
1   15
4 X 1
0   19
0   19
0   19
0   19
1   15
1   15
1   15
1   15
2   16
2   16

