2   16
2   16
2   16
2   16
1   15
1   15
1   15
2   16
2   16
2   16
2   16
1   15
2   16
2   16
2   16
1   15
2   16
2   16
1   15
1   15
2   16
1   15
1   15
2   16
2   16

1   15
2   16
1   15
1   15
3 $ 3
1   15
1   15
1   15
2   16
1   15
1   15
1   15
1   15
2   16
1   15
1   15
2   16
1   15
1   15
2   16
2   16
1   15
9 @ 8
1   15
2   16

1   15
1   15
107   17
0   19
0   19
2   16
0   19
4 X 1
1   15
1   15
3 $ 3
1   15
1   15
1   15
1   15
1   15
1   15
3 $ 3
1   15
2   16
1   15
4 X 1
4 X 1
4 X 1
1   15

1   15
0   19
0   19
1   15
0   19
0   19
0   19
0   19
1   15
0   19
4 X 1
0   19
1   15
3 $ 3
1   15
1   15
0   19
0   19
2   16
1   15
1   15
4 X 1
4 X 1
4 X 1
4 X 1

3 $ 3
0   19
4 X 1
2   16
1   15
0   19
1   15
0   19
3 $ 3
0   19
2   16
0   19
0   19
0   19
0   19
2   16
0   19
2   16
0   19
1   15
1   15
1   15
4 X 1
1   15
4 X 1

0   19
0   19
0   19
0   19
0   19
0   19
2   16
0   19
0   19
0   19
1   15
0   19
1   15
4 X 1
0   19
3 $ 3
0   19
1   15
0   19
0   19
0   19
1   15
1   15
1   15
4 X 1

0   19
3 $ 3
1   15
0   19
1   15
4 X 1
1   15
4 X 1
0   19
1   15
1   15
0   19
2   16
2   16
0   19
0   19
0   19
2   16
0   19
2   16
4 X 1
0   19
0   19
0   19
3 $ 3

0   19
1   15
0   19
0   19
0   19
1   15
0   19
0   19
0   19
0   19
0   19
1   15
1   15
0   19
0   19
4 X 1
1   15
1   15
0   19
0   19
0   19
1   15
0   19
1   15
0   19

4 X 1
2   16
0   19
4 X 1
0   19
0   19
0   19
1   15
0   19
2   16
0   19
3 $ 3
1   15
0   19
1   15
1   15
1   15
0   19
2   16
0   19
1   15
0   19
4 X 1
1   15
107   17

3 $ 3
1   15
0   19
0   19
0   19
2   16
1   15
0   19
0   19
1   15
1   15
0   19
0   19
0   19
4 X 1
0   19
2   16
0   19
1   15
0   19
0   19
1   15
3 $ 3
0   19
2   16

1   15
1   15
0   19
1   15
0   19
4 X 1
1   15
0   19
4 X 1
3 $ 3
1   15
2   16
0   19
1   15
1   15
0   19
2   16
0   19
0   19
4 X 1
0   19
1   15
1   15
0   19
0   19

1   15
4 X 1
4 X 1
1   15
0   19
0   19
1   15
0   19
1   15
0   19
0   19
1   15
0   19
1   15
4 X 1
3 $ 3
0   19
0   19
1   15
1   15
0   19
2   16
1   15
0   19
2   16

1   15
4 X 1
4 X 1
1   15
1   15
0   19
0   19
0   19
0   19
1   15
0   19
0   19
0   19
1   15
1   15
1   15
4 X 1
1   15
1   15
0   19
0   19
0   19
1   15
1   15
100   17

1   15
4 X 1
4 X 1
1   15
0   19
1   15
1   15
0   19
2   16
1   15
0   19
1   15
0   19
0   19
0   19
0   19
0   19
0   19
1   15
1   15
4 X 1
0   19
0   19
2   16
3 $ 3

1   15
5 ^ 0
0   19
1   15
0   19
0   19
0   19
0   19
0   19
4 X 1
1   15
0   19
0   19
1   15
0   19
1   15
0   19
2   16
1   15
0   19
3 $ 3
2   16
1   15
0   19
2   16

1   15
10   8
10   8
1   15
3 $ 3
0   19
2   16
1   15
0   19
0   19
0   19
1   15
0   19
1   15
1   15
2   16
0   19
0   19
4 X 1
0   19
1   15
0   19
1   15
0   19
0   19

1   15
1   15
1   15
1   15
1   15
0   19
0   19
4 X 1
1   15
1   15
0   19
0   19
4 X 1
1   15
0   19
3 $ 3
118   17
1   15
1   15
0   19
0   19
0   19
4 X 1
0   19
1   15

